# Model: qwen35-122b-q4km
# Prompts: 20, decode_tokens_per_prompt: 64
# top_k: 8 of 256 experts per layer
# Format: <layer> <expert_id> ...
0 6 7 8 9 10 11 12
1 6 7 8 9 10 11 12
2 6 7 8 9 10 11 12
3 6 7 8 9 10 11 12
4 6 7 8 9 10 11 12
5 6 7 8 9 10 11 12
6 6 7 8 9 10 11 12
7 6 7 8 9 10 11 12
8 6 7 8 9 10 11 12
9 6 7 8 9 10 11 12
10 6 7 8 9 10 11 12
11 6 7 8 9 10 11 12
12 6 7 8 9 10 11 12
13 6 7 8 9 10 11 12
14 6 7 8 9 10 11 12
15 6 7 8 9 10 11 12
16 6 7 8 9 10 11 12
17 6 7 8 9 10 11 12
18 6 7 8 9 10 11 12
19 6 7 8 9 10 11 12
20 6 7 8 9 10 11 12
21 6 7 8 9 10 11 12
22 6 7 8 9 10 11 12
23 6 7 8 9 10 11 12
24 6 7 8 9 10 11 12
25 6 7 8 9 10 11 12
26 6 7 8 9 10 11 12
27 6 7 8 9 10 11 12
28 6 7 8 9 10 11 12
29 6 7 8 9 10 11 12
30 6 7 8 9 10 11 12
31 6 7 8 9 10 11 12
32 6 7 8 9 10 11 12
33 6 7 8 9 10 11 12
34 6 7 8 9 10 11 12
35 6 7 8 9 10 11 12
36 6 7 8 9 10 11 12
37 6 7 8 9 10 11 12
38 6 7 8 9 10 11 12
39 6 7 8 9 10 11 12
40 6 7 8 9 10 11 12
41 6 7 8 9 10 11 12
42 6 7 8 9 10 11 12
43 6 7 8 9 10 11 12
44 6 7 8 9 10 11 12
45 6 7 8 9 10 11 12
46 6 7 8 9 10 11 12
47 1 8
